
pcs:
	host				n pcs 		ip				mask
	- PCs 5287			10574		10.0.0.1		255.255.192.0
	- PCs 675			1350		10.0.64.0		255.255.248.0
	- Wifie PCs 321		642			10.0.72.0		255.255.252.0
	- Laptops 12		24			10.0.76.0		255.255.255.224


Address:   10.0.0.1              00001010.00000000.00 000000.00000001
Netmask:   255.255.192.0 = 18    11111111.11111111.11 000000.00000000
Wildcard:  0.0.63.255            00000000.00000000.00 111111.11111111
=>
Network:   10.0.0.0/18           00001010.00000000.00 000000.00000000 (Class A)
Broadcast: 10.0.63.255           00001010.00000000.00 111111.11111111
HostMin:   10.0.0.1              00001010.00000000.00 000000.00000001
HostMax:   10.0.63.254           00001010.00000000.00 111111.11111110
Hosts/Net: 16382                 (Private Internet)


Address:   10.0.64.0             00001010.00000000.01000 000.00000000
Netmask:   255.255.248.0 = 21    11111111.11111111.11111 000.00000000
Wildcard:  0.0.7.255             00000000.00000000.00000 111.11111111
=>
Network:   10.0.64.0/21          00001010.00000000.01000 000.00000000 (Class A)
Broadcast: 10.0.71.255           00001010.00000000.01000 111.11111111
HostMin:   10.0.64.1             00001010.00000000.01000 000.00000001
HostMax:   10.0.71.254           00001010.00000000.01000 111.11111110
Hosts/Net: 2046                  (Private Internet)


Address:   10.0.72.0             00001010.00000000.010010 00.00000000
Netmask:   255.255.252.0 = 22    11111111.11111111.111111 00.00000000
Wildcard:  0.0.3.255             00000000.00000000.000000 11.11111111
=>
Network:   10.0.72.0/22          00001010.00000000.010010 00.00000000 (Class A)
Broadcast: 10.0.75.255           00001010.00000000.010010 11.11111111
HostMin:   10.0.72.1             00001010.00000000.010010 00.00000001
HostMax:   10.0.75.254           00001010.00000000.010010 11.11111110
Hosts/Net: 1022                  (Private Internet)


Address:   10.0.76.0             00001010.00000000.01001100.000 00000
Netmask:   255.255.255.224 = 27  11111111.11111111.11111111.111 00000
Wildcard:  0.0.0.31              00000000.00000000.00000000.000 11111
=>
Network:   10.0.76.0/27          00001010.00000000.01001100.000 00000 (Class A)
Broadcast: 10.0.76.31            00001010.00000000.01001100.000 11111
HostMin:   10.0.76.1             00001010.00000000.01001100.000 00001
HostMax:   10.0.76.30            00001010.00000000.01001100.000 11110
Hosts/Net: 30                    (Private Internet)